first_two_cards,royal_flush,straight_flush,four_of_a_kind,full_house,flush,straight,three_of_a_kind,two_pairs,one_pair,high_card
same suit: A 2,0.00002312673450508788,0.0009599954690479337,0.0012592270950933565,0.022241310955464517,0.06483745209462138,0.11876899696048632,0.043423511865430725,0.2213993090298099,0.40573543015726177,0.121351639638279
same suit: A 3,0.00002312673450508788,0.0008509694349525193,0.0012592270950933565,0.022241310955464517,0.0649464781287168,0.09648237648435877,0.043423511865430725,0.2213993090298099,0.4124752213558874,0.13689846891578092
same suit: A 4,0.00002312673450508788,0.0007518548585021428,0.0012592270950933565,0.022241310955464517,0.06504559270516717,0.08326473975344069,0.043423511865430725,0.2213993090298099,0.41921501255451304,0.1433763144480734
same suit: A 5,0.00002312673450508788,0.0006782268874247202,0.0012592270950933565,0.022241310955464517,0.0651192206762446,0.0778729067945402,0.043423511865430725,0.2213993090298099,0.4246068455134135,0.1433763144480734
same suit: A 6,0.00002312673450508788,0.0002756329173667617,0.0012592270950933565,0.022241310955464517,0.06552181464630255,0.07447610866733373,0.0436882893768053,0.2226467367705639,0.4286507202325889,0.14121703260397592
same suit: A 7,0.00002312673450508788,0.0003511487851384772,0.0012592270950933565,0.022241310955464517,0.06544629877853084,0.0815953671015122,0.0436882893768053,0.2226467367705639,0.4232588872736884,0.13948960712869793
same suit: A 8,0.00002312673450508788,0.0003469010175763182,0.0012592270950933565,0.022241310955464517,0.065450546546093,0.07770865978213672,0.0436882893768053,0.2226467367705639,0.4232588872736884,0.1433763144480734
same suit: A 9,0.00002312673450508788,0.00032849402480696256,0.0012592270950933565,0.022241310955464517,0.06546895353886235,0.0763607015424116,0.0436882893768053,0.2226467367705639,0.4246068455134135,0.1433763144480734
same suit: A 10,0.0005116200041533727,0.0002888481942268119,0.0012592270950933565,0.022241310955464517,0.06502010609979422,0.09109054352545828,0.043423511865430725,0.2213993090298099,0.4178670543147879,0.13689846891578092
same suit: A J,0.0005116200041533727,0.0002520342086881006,0.0012592270950933565,0.022241310955464517,0.06505692008533293,0.08839462704600805,0.043423511865430725,0.2213993090298099,0.42056297079423816,0.13689846891578092
same suit: A Q,0.0005116200041533727,0.0001902055919500085,0.0012592270950933565,0.022241310955464517,0.06511874870207102,0.0783047631633597,0.043423511865430725,0.2213993090298099,0.4246068455134135,0.1429444580792539
same suit: A K,0.0005116200041533727,0.00009769865392965696,0.0012592270950933565,0.022241310955464517,0.06521125564009138,0.05563867545167928,0.043423511865430725,0.2213993090298099,0.429998678472314,0.16021871283203384
pair: A,0.000044365572315882877,0.00007645981611886198,0.008423795049934868,0.08547641073080481,0.019597311635107327,0.021529573901716097,0.11773773339122884,0.39667352602465594,0.35044082387811737,0
other: A 2,0.00002312673450508788,0.00010619418905397497,0.0012592270950933565,0.022241310955464517,0.01958881609998301,0.1272933225093923,0.044274953274556814,0.22658536124903245,0.42732919254658386,0.13129849534633464
other: A 3,0.00002312673450508788,0.00013120882025335572,0.0012592270950933565,0.022241310955464517,0.01956380146878363,0.10337367139270139,0.044274953274556814,0.22658536124903245,0.4344276841171251,0.14811965489248427
other: A 4,0.00002312673450508788,0.00015197568389057752,0.0012592270950933565,0.022241310955464517,0.019543034605146406,0.08926636334459778,0.044274953274556814,0.22658536124903245,0.4415261756876664,0.15512847137004662
other: A 5,0.00002312673450508788,0.00016991070248635994,0.0012592270950933565,0.022241310955464517,0.019525099586550625,0.08358757008816478,0.044274953274556814,0.22658536124903245,0.4472049689440994,0.15512847137004662
other: A 6,0.00002312673450508788,0.00016802280579206706,0.0012592270950933565,0.022241310955464517,0.019526987483244915,0.08011572806736016,0.0445449225018407,0.2278644112594159,0.4514640638864241,0.15279219921085918
other: A 7,0.00002312673450508788,0.00016802280579206706,0.0012592270950933565,0.022241310955464517,0.019526987483244915,0.08766353905114312,0.0445449225018407,0.2278644112594159,0.4457852706299911,0.15092318148350922
other: A 8,0.00002312673450508788,0.00016802280579206706,0.0012592270950933565,0.022241310955464517,0.019526987483244915,0.08345824916460572,0.0445449225018407,0.2278644112594159,0.4457852706299911,0.15512847137004662
other: A 9,0.00002312673450508788,0.00016943872831278673,0.0012592270950933565,0.022241310955464517,0.019525571560724198,0.08203855085049747,0.0445449225018407,0.2278644112594159,0.4472049689440994,0.15512847137004662
other: A 10,0.000044365572315882877,0.00015103173554343105,0.0012592270950933565,0.022241310955464517,0.019522739715682757,0.09769487813626838,0.044274953274556814,0.22658536124903245,0.4401064773735581,0.14811965489248427
other: A J,0.000044365572315882877,0.00013026487190620929,0.0012592270950933565,0.022241310955464517,0.01954350657931998,0.09485548150805188,0.044274953274556814,0.22658536124903245,0.4429458740017746,0.14811965489248427
other: A Q,0.000044365572315882877,0.00010572221488040175,0.0012592270950933565,0.022241310955464517,0.019568049236345787,0.08405482452000226,0.044274953274556814,0.22658536124903245,0.4472049689440994,0.15466121693820914
other: A K,0.000044365572315882877,0.00007645981611886198,0.0012592270950933565,0.022241310955464517,0.019597311635107327,0.05968585399006966,0.044274953274556814,0.22658536124903245,0.4528837622005324,0.17335139421170873
same suit: 2 3,0.0000018878966942928884,0.0016906114897392815,0.0012592270950933565,0.022241310955464517,0.06412807491174083,0.17045583265683703,0.04315873435405614,0.22015188128905586,0.3814721818422096,0.0954402575091091
same suit: 2 4,0.0000018878966942928884,0.0014626479639034153,0.0012592270950933565,0.022241310955464517,0.0643560384375767,0.13230804810360777,0.04315873435405614,0.22015188128905586,0.39629972247918593,0.118760501425362
same suit: 2 5,0.0000018878966942928884,0.0012903773905491892,0.0012592270950933565,0.022241310955464517,0.06452830901093093,0.11413043478260869,0.04315873435405614,0.22015188128905586,0.40843134663671204,0.12480649058883497
same suit: 2 6,0.0000018878966942928884,0.000814155449413808,0.0012592270950933565,0.022241310955464517,0.0650045309520663,0.10534180369650173,0.043423511865430725,0.2213993090298099,0.4178670543147879,0.12264720874473749
same suit: 2 7,0.0000018878966942928884,0.0004870773471275652,0.0012592270950933565,0.022241310955464517,0.06533160905435255,0.10906426400347373,0.0436882893768053,0.2226467367705639,0.41651909607506277,0.118760501425362
same suit: 2 8,0.0000018878966942928884,0.0005578734731635485,0.0012592270950933565,0.022241310955464517,0.06526081292831656,0.11186495874945723,0.0436882893768053,0.2226467367705639,0.41112726311616227,0.121351639638279
same suit: 2 9,0.0000018878966942928884,0.0005550416281221092,0.0012592270950933565,0.022241310955464517,0.065263644773358,0.10927382053654024,0.0436882893768053,0.2226467367705639,0.41112726311616227,0.12394277785119598
same suit: 2 10,0.00002312673450508788,0.0005196435651041176,0.0012592270950933565,0.022241310955464517,0.0652778039985652,0.1118125696161906,0.0436882893768053,0.2226467367705639,0.4124752213558874,0.1200560705318205
same suit: 2 J,0.00002312673450508788,0.00046678245766391664,0.0012592270950933565,0.022241310955464517,0.0653306651060054,0.10992797674111272,0.0436882893768053,0.2226467367705639,0.41651909607506277,0.117896788687723
same suit: 2 Q,0.00002312673450508788,0.0003681398553871132,0.0012592270950933565,0.022241310955464517,0.0654293077082822,0.09714219637901414,0.0436882893768053,0.2226467367705639,0.4232588872736884,0.12394277785119598
same suit: 2 K,0.00002312673450508788,0.0002138043006286696,0.0012592270950933565,0.022241310955464517,0.06558364326304064,0.06438624478468538,0.0436882893768053,0.2226467367705639,0.43269459495176427,0.14726302176744888
pair: 2,0.0000018878966942928884,0.00013592856198908795,0.008423795049934868,0.08547641073080481,0.01958032056485869,0.029940153674790915,0.11773773339122884,0.39667352602465594,0.34203024410504257,0
other: 2 3,0.0000018878966942928884,0.00016094319318846873,0.0012592270950933565,0.022241310955464517,0.01955530593365931,0.18243217731125752,0.04400498404727293,0.22530631123864903,0.4017746228926353,0.10326322943608526
other: 2 4,0.0000018878966942928884,0.0001817100568256905,0.0012592270950933565,0.022241310955464517,0.01953453907002209,0.1415837565368423,0.04400498404727293,0.22530631123864903,0.41739130434782606,0.12849496875530972
other: 2 5,0.0000018878966942928884,0.00019964507542147294,0.0012592270950933565,0.022241310955464517,0.019516604051426308,0.12226490966414318,0.04400498404727293,0.22530631123864903,0.43016858917480033,0.13503653080103456
other: 2 6,0.0000018878966942928884,0.00019775717872718004,0.0012592270950933565,0.022241310955464517,0.0195184919481206,0.11311427438690555,0.044274953274556814,0.22658536124903245,0.4401064773735581,0.13270025864184712
other: 2 7,0.0000018878966942928884,0.00019775717872718004,0.0012592270950933565,0.022241310955464517,0.0195184919481206,0.1171902433498839,0.0445449225018407,0.2278644112594159,0.43868677905944986,0.12849496875530972
other: 2 8,0.0000018878966942928884,0.00019775717872718004,0.0012592270950933565,0.022241310955464517,0.0195184919481206,0.12006551001529196,0.0445449225018407,0.2278644112594159,0.43300798580301686,0.13129849534633464
other: 2 9,0.0000018878966942928884,0.0001991731012478997,0.0012592270950933565,0.022241310955464517,0.019517076025599878,0.11726198342426702,0.0445449225018407,0.2278644112594159,0.43300798580301686,0.1341020219373596
other: 2 10,0.00002312673450508788,0.00018076610847854406,0.0012592270950933565,0.022241310955464517,0.01951424418055844,0.12004757499669617,0.0445449225018407,0.2278644112594159,0.4344276841171251,0.12989673205082217
other: 2 J,0.00002312673450508788,0.0001599992448413223,0.0012592270950933565,0.022241310955464517,0.019535011044195662,0.11812475221355888,0.0445449225018407,0.2278644112594159,0.43868677905944986,0.12756045989163473
other: 2 Q,0.00002312673450508788,0.00013545658781551474,0.0012592270950933565,0.022241310955464517,0.01955955370122147,0.10448469859729276,0.0445449225018407,0.2278644112594159,0.4457852706299911,0.1341020219373596
other: 2 K,0.00002312673450508788,0.00010619418905397497,0.0012592270950933565,0.022241310955464517,0.01958881609998301,0.06931507107931054,0.0445449225018407,0.2278644112594159,0.45572315882874886,0.15933376125658405
same suit: 3 4,0.0000018878966942928884,0.0022088391323226795,0.0012592270950933565,0.022241310955464517,0.06360984726915743,0.1866908002794087,0.04289395684268157,0.21890445354830185,0.3693405576846835,0.0928491192961921
same suit: 3 5,0.0000018878966942928884,0.0019077196095829635,0.0012592270950933565,0.022241310955464517,0.06391096679189714,0.14358303913609846,0.04289395684268157,0.21890445354830185,0.3895599312805603,0.11573750684362552
same suit: 3 6,0.0000018878966942928884,0.0013328550661707791,0.0012592270950933565,0.022241310955464517,0.06448583133530933,0.12200862768789292,0.04315873435405614,0.22015188128905586,0.40573543015726177,0.119624214163001
same suit: 3 7,0.0000018878966942928884,0.0009321489928071136,0.0012592270950933565,0.022241310955464517,0.06488653740867299,0.12033925503596443,0.043423511865430725,0.2213993090298099,0.40977930487643716,0.11573750684362552
same suit: 3 8,0.0000018878966942928884,0.0006003511487851385,0.0012592270950933565,0.022241310955464517,0.06521833525269498,0.11974315165474145,0.0436882893768053,0.2226467367705639,0.40843134663671204,0.11616936321244502
same suit: 3 9,0.0000018878966942928884,0.0006725631973418415,0.0012592270950933565,0.022241310955464517,0.06514612320413828,0.12383941550718344,0.0436882893768053,0.2226467367705639,0.40303951367781155,0.11746493231890351
same suit: 3 10,0.00002312673450508788,0.0006527402820517661,0.0012592270950933565,0.022241310955464517,0.06514470728161754,0.12513498461364195,0.0436882893768053,0.2226467367705639,0.40303951367781155,0.11616936321244502
same suit: 3 J,0.00002312673450508788,0.0006017670713058582,0.0012592270950933565,0.022241310955464517,0.06519568049236346,0.12497781721384206,0.0436882893768053,0.2226467367705639,0.40708338839698693,0.11228265589306953
same suit: 3 Q,0.00002312673450508788,0.0004870773471275652,0.0012592270950933565,0.022241310955464517,0.06531037021654175,0.11300336045611584,0.0436882893768053,0.2226467367705639,0.41517113783533766,0.11616936321244502
same suit: 3 K,0.00002312673450508788,0.00029592780683041024,0.0012592270950933565,0.022241310955464517,0.0655015197568389,0.07755149238233684,0.0436882893768053,0.2226467367705639,0.42730276199286377,0.13948960712869793
pair: 3,0.0000018878966942928884,0.00018595782438784948,0.008423795049934868,0.08547641073080481,0.01953029130245993,0.03790141403462403,0.11749891445940078,0.3959599010742132,0.3350214276274802,0
other: 3 4,0.0000018878966942928884,0.00020672468802507128,0.0012592270950933565,0.022241310955464517,0.019509524438822708,0.19956200796692405,0.04373501481998905,0.22402726122826558,0.38899733806566106,0.10045970284506033
other: 3 5,0.0000018878966942928884,0.0002246597066208537,0.0012592270950933565,0.022241310955464517,0.019491589420226926,0.1535020483679133,0.04373501481998905,0.22402726122826558,0.41029281277728485,0.12522418773244728
other: 3 6,0.0000018878966942928884,0.00022277180992656082,0.0012592270950933565,0.022241310955464517,0.019493477316921217,0.13071135947440957,0.04400498404727293,0.22530631123864903,0.42732919254658386,0.12942947761898468
other: 3 7,0.0000018878966942928884,0.00022277180992656082,0.0012592270950933565,0.022241310955464517,0.019493477316921217,0.1291085351809549,0.044274953274556814,0.22658536124903245,0.4315882874889086,0.12522418773244728
other: 3 8,0.0000018878966942928884,0.00022277180992656082,0.0012592270950933565,0.022241310955464517,0.019493477316921217,0.12851195982555835,0.0445449225018407,0.2278644112594159,0.43016858917480033,0.12569144216428477
other: 3 9,0.0000018878966942928884,0.0002241877324472805,0.0012592270950933565,0.022241310955464517,0.0194920613944005,0.13278898978647888,0.0445449225018407,0.2278644112594159,0.42448979591836733,0.12709320545979724
other: 3 10,0.00002312673450508788,0.0002057807396779248,0.0012592270950933565,0.022241310955464517,0.01948922954935906,0.13419075308199135,0.0445449225018407,0.2278644112594159,0.42448979591836733,0.12569144216428477
other: 3 J,0.00002312673450508788,0.00018501387604070305,0.0012592270950933565,0.022241310955464517,0.01950999641299628,0.13413694802620402,0.0445449225018407,0.2278644112594159,0.4287488908606921,0.12148615227774737
other: 3 Q,0.00002312673450508788,0.0001604712190148955,0.0012592270950933565,0.022241310955464517,0.01953453907002209,0.12141346825501709,0.0445449225018407,0.2278644112594159,0.4372670807453416,0.12569144216428477
other: 3 K,0.00002312673450508788,0.00013120882025335572,0.0012592270950933565,0.022241310955464517,0.01956380146878363,0.08340444410881837,0.0445449225018407,0.2278644112594159,0.45004436557231586,0.15092318148350922
same suit: 4 5,0.0000018878966942928884,0.0025916101870905625,0.0012592270950933565,0.022241310955464517,0.06322707621438955,0.18744407106043157,0.04262917933130699,0.2176570258075478,0.36664464120523327,0.0963039702467481
same suit: 4 6,0.0000018878966942928884,0.0018878966942928884,0.0012592270950933565,0.022241310955464517,0.06393078970718723,0.14093951178991485,0.04289395684268157,0.21890445354830185,0.39090788952028543,0.11703307595008401
same suit: 4 7,0.0000018878966942928884,0.0013885480186524193,0.0012592270950933565,0.022241310955464517,0.0644301383828277,0.1264843587758878,0.04315873435405614,0.22015188128905586,0.40169155543808643,0.1191923577941815
same suit: 4 8,0.0000018878966942928884,0.0009831222035530216,0.0012592270950933565,0.022241310955464517,0.06483556419792709,0.12049642243576432,0.043423511865430725,0.2213993090298099,0.40573543015726177,0.119624214163001
same suit: 4 9,0.0000018878966942928884,0.0006527402820517661,0.0012592270950933565,0.022241310955464517,0.06516594611942834,0.12119588816099983,0.0436882893768053,0.2226467367705639,0.40438747191753666,0.118760501425362
same suit: 4 10,0.00002312673450508788,0.0007079612603598331,0.0012592270950933565,0.022241310955464517,0.06508948630330948,0.1291788593328173,0.0436882893768053,0.2226467367705639,0.39899563895863616,0.11616936321244502
same suit: 4 J,0.00002312673450508788,0.0006522683078781929,0.0012592270950933565,0.022241310955464517,0.06514517925579112,0.12470312824482244,0.0436882893768053,0.2226467367705639,0.40303951367781155,0.11660121958126451
same suit: 4 Q,0.00002312673450508788,0.0005394664803941928,0.0012592270950933565,0.022241310955464517,0.06525798108327513,0.11445609696237422,0.0436882893768053,0.2226467367705639,0.41112726311616227,0.118760501425362
same suit: 4 K,0.00002312673450508788,0.0003322698181955483,0.0012592270950933565,0.022241310955464517,0.06546517774547377,0.07981555249296758,0.0436882893768053,0.2226467367705639,0.4246068455134135,0.1399214634975174
pair: 4,0.0000018878966942928884,0.00022749155166229304,0.008423795049934868,0.08547641073080481,0.019488757575185485,0.041657384507919726,0.11726009552757273,0.3952462761237705,0.33221790103645527,0
other: 4 5,0.0000018878966942928884,0.0002454265702580755,0.0012592270950933565,0.022241310955464517,0.019470822556589704,0.20021238837810795,0.04346504559270517,0.22274821121788216,0.38615794143744453,0.10419773829976024
other: 4 6,0.0000018878966942928884,0.0002435386735637826,0.0012592270950933565,0.022241310955464517,0.019472710453283998,0.15068058675829257,0.04373501481998905,0.22402726122826558,0.41171251109139306,0.12662595102795976
other: 4 7,0.0000018878966942928884,0.0002435386735637826,0.0012592270950933565,0.022241310955464517,0.019472710453283998,0.13543770884857181,0.04400498404727293,0.22530631123864903,0.4230700976042591,0.1289622231871472
other: 4 8,0.0000018878966942928884,0.0002435386735637826,0.0012592270950933565,0.022241310955464517,0.019472710453283998,0.12916234023674225,0.044274953274556814,0.22658536124903245,0.42732919254658386,0.12942947761898468
other: 4 9,0.0000018878966942928884,0.00024495459608450226,0.0012592270950933565,0.022241310955464517,0.019471294530763277,0.12996752817685817,0.0445449225018407,0.2278644112594159,0.4259094942324756,0.12849496875530972
other: 4 10,0.00002312673450508788,0.0002265476033151466,0.0012592270950933565,0.022241310955464517,0.019468462685721836,0.13844984802431612,0.0445449225018407,0.2278644112594159,0.4202307009760426,0.12569144216428477
other: 4 J,0.00002312673450508788,0.0002057807396779248,0.0012592270950933565,0.022241310955464517,0.01948922954935906,0.13372349865015387,0.0445449225018407,0.2278644112594159,0.42448979591836733,0.12615869659612225
other: 4 Q,0.00002312673450508788,0.0001812380826521173,0.0012592270950933565,0.022241310955464517,0.019513772206384866,0.1228690366063169,0.0445449225018407,0.2278644112594159,0.43300798580301686,0.12849496875530972
other: 4 K,0.00002312673450508788,0.00015197568389057752,0.0012592270950933565,0.022241310955464517,0.019543034605146406,0.08577658630519738,0.0445449225018407,0.2278644112594159,0.4472049689440994,0.1513904359153467
same suit: 5 6,0.0000018878966942928884,0.002534973286261776,0.0012592270950933565,0.022241310955464517,0.06328371311521834,0.1821046272347977,0.04262917933130699,0.2176570258075478,0.3706885159244086,0.09759953935320659
same suit: 5 7,0.0000018878966942928884,0.0019067756612358173,0.0012592270950933565,0.022241310955464517,0.0639119107402443,0.14271932639845947,0.04289395684268157,0.21890445354830185,0.3895599312805603,0.11660121958126451
same suit: 5 8,0.0000018878966942928884,0.001402707243859616,0.0012592270950933565,0.022241310955464517,0.0644159791576205,0.12394560969623743,0.04315873435405614,0.22015188128905586,0.4003435971983613,0.12307906511355698
same suit: 5 9,0.0000018878966942928884,0.000998697351280938,0.0012592270950933565,0.022241310955464517,0.06481998905019917,0.11925324246257245,0.043423511865430725,0.2213993090298099,0.40438747191753666,0.12221535237591799
same suit: 5 10,0.00002312673450508788,0.0006513243595310464,0.0012592270950933565,0.022241310955464517,0.06514612320413828,0.12383941550718344,0.0436882893768053,0.2226467367705639,0.40303951367781155,0.11746493231890351
same suit: 5 J,0.00002312673450508788,0.0006711472748211218,0.0012592270950933565,0.022241310955464517,0.0651263002888482,0.12648294285336706,0.0436882893768053,0.2226467367705639,0.40169155543808643,0.11616936321244502
same suit: 5 Q,0.00002312673450508788,0.0005536257056013895,0.0012592270950933565,0.022241310955464517,0.06524382185806793,0.11191734788272385,0.0436882893768053,0.2226467367705639,0.40977930487643716,0.12264720874473749
same suit: 5 K,0.00002312673450508788,0.0003483169400970379,0.0012592270950933565,0.022241310955464517,0.06544913062357227,0.07900422888859522,0.0436882893768053,0.2226467367705639,0.4232588872736884,0.1420807453416149
pair: 5,0.0000018878966942928884,0.0002633615888538579,0.008423795049934868,0.08547641073080481,0.019452887537993922,0.042609828390190486,0.11702127659574468,0.3945326511733278,0.33221790103645527,0
other: 5 6,0.0000018878966942928884,0.00026147369215956504,0.0012592270950933565,0.022241310955464517,0.019454775434688213,0.1945515301402707,0.04346504559270517,0.22274821121788216,0.3904170363797693,0.1055995015952727
other: 5 7,0.0000018878966942928884,0.00026147369215956504,0.0012592270950933565,0.022241310955464517,0.019454775434688213,0.15256753950423832,0.04373501481998905,0.22402726122826558,0.41029281277728485,0.12615869659612225
other: 5 8,0.0000018878966942928884,0.00026147369215956504,0.0012592270950933565,0.022241310955464517,0.019454775434688213,0.13265211727614265,0.04400498404727293,0.22530631123864903,0.42165039929015086,0.1331675130736846
other: 5 9,0.0000018878966942928884,0.0002628896146802847,0.0012592270950933565,0.022241310955464517,0.019453359512167496,0.12777851195982556,0.044274953274556814,0.22658536124903245,0.4259094942324756,0.13223300421000964
other: 5 10,0.00002312673450508788,0.000244482621910929,0.0012592270950933565,0.022241310955464517,0.019450527667126054,0.13278898978647888,0.0445449225018407,0.2278644112594159,0.42448979591836733,0.12709320545979724
other: 5 J,0.00002312673450508788,0.00022371575827370726,0.0012592270950933565,0.022241310955464517,0.019471294530763277,0.13561045139609962,0.0445449225018407,0.2278644112594159,0.4230700976042591,0.12569144216428477
other: 5 Q,0.00002312673450508788,0.0001991731012478997,0.0012592270950933565,0.022241310955464517,0.019495837187789085,0.12008344503388775,0.0445449225018407,0.2278644112594159,0.4315882874889086,0.13270025864184712
other: 5 K,0.00002312673450508788,0.00016991070248635994,0.0012592270950933565,0.022241310955464517,0.019525099586550625,0.08486001246011818,0.0445449225018407,0.2278644112594159,0.4457852706299911,0.15372670807453417
same suit: 6 7,0.0000018878966942928884,0.002537805131303215,0.0012592270950933565,0.022241310955464517,0.06328088127017689,0.1846957654477147,0.04262917933130699,0.2176570258075478,0.3706885159244086,0.0950084011402896
same suit: 6 8,0.0000018878966942928884,0.0019048877645415243,0.0012592270950933565,0.022241310955464517,0.06391379863693859,0.14099190092318148,0.04289395684268157,0.21890445354830185,0.3895599312805603,0.1183286450565425
same suit: 6 9,0.0000018878966942928884,0.0014022352696860428,0.0012592270950933565,0.022241310955464517,0.06441645113179406,0.12351375332741793,0.04315873435405614,0.22015188128905586,0.4003435971983613,0.12351092148237648
same suit: 6 10,0.00002312673450508788,0.0009812343068587286,0.0012592270950933565,0.022241310955464517,0.06481621325681058,0.12270809341312844,0.043423511865430725,0.2213993090298099,0.40438747191753666,0.118760501425362
same suit: 6 J,0.00002312673450508788,0.0005984632520908456,0.0012592270950933565,0.022241310955464517,0.06519898431157847,0.12195482263210557,0.0436882893768053,0.2226467367705639,0.40708338839698693,0.11530565047480602
same suit: 6 Q,0.00002312673450508788,0.0005564575506428289,0.0012592270950933565,0.022241310955464517,0.06524099001302648,0.11450848609564085,0.0436882893768053,0.2226467367705639,0.40977930487643716,0.1200560705318205
same suit: 6 K,0.00002312673450508788,0.000346429043402745,0.0012592270950933565,0.022241310955464517,0.06545101852026657,0.07727680341331722,0.0436882893768053,0.2226467367705639,0.4232588872736884,0.1438081708168929
pair: 6,0.0000018878966942928884,0.00025958579546527216,0.008423795049934868,0.08547641073080481,0.019456663331382507,0.04074081066284053,0.11702127659574468,0.3945326511733278,0.33408691876380525,0
other: 6 7,0.0000018878966942928884,0.00025958579546527216,0.0012592270950933565,0.022241310955464517,0.019456663331382507,0.19735505673129566,0.04346504559270517,0.22274821121788216,0.3904170363797693,0.10279597500424777
other: 6 8,0.0000018878966942928884,0.00025958579546527216,0.0012592270950933565,0.022241310955464517,0.019456663331382507,0.15069852177688836,0.04373501481998905,0.22402726122826558,0.41029281277728485,0.1280277143234722
other: 6 9,0.0000018878966942928884,0.0002610017179859918,0.0012592270950933565,0.022241310955464517,0.019455247408861787,0.13218486284430517,0.04400498404727293,0.22530631123864903,0.42165039929015086,0.13363476750552208
other: 6 10,0.00002312673450508788,0.00024259472521663615,0.0012592270950933565,0.022241310955464517,0.01945241556382035,0.13151654741452548,0.044274953274556814,0.22658536124903245,0.4259094942324756,0.12849496875530972
other: 6 J,0.00002312673450508788,0.00022182786157941438,0.0012592270950933565,0.022241310955464517,0.019473182427457568,0.13086616700334158,0.0445449225018407,0.2278644112594159,0.4287488908606921,0.12475693330060979
other: 6 Q,0.00002312673450508788,0.00019728520455360683,0.0012592270950933565,0.022241310955464517,0.019497725084483376,0.12288697162491269,0.0445449225018407,0.2278644112594159,0.4315882874889086,0.12989673205082217
other: 6 K,0.00002312673450508788,0.00016802280579206706,0.0012592270950933565,0.022241310955464517,0.019526987483244915,0.08299099473276822,0.0445449225018407,0.2278644112594159,0.4457852706299911,0.15559572580188413
same suit: 7 8,0.0000018878966942928884,0.002537805131303215,0.0012592270950933565,0.022241310955464517,0.06328088127017689,0.1846957654477147,0.04262917933130699,0.2176570258075478,0.3706885159244086,0.0950084011402896
same suit: 7 9,0.0000018878966942928884,0.001906303687062244,0.0012592270950933565,0.022241310955464517,0.06391238271441786,0.14228747002963998,0.04289395684268157,0.21890445354830185,0.3895599312805603,0.11703307595008401
same suit: 7 10,0.00002312673450508788,0.0013866601219581264,0.0012592270950933565,0.022241310955464517,0.06441078744171119,0.1286960297532519,0.04315873435405614,0.22015188128905586,0.4003435971983613,0.1183286450565425
same suit: 7 J,0.00002312673450508788,0.0009302610961128207,0.0012592270950933565,0.022241310955464517,0.0648671864675565,0.12255092601332855,0.043423511865430725,0.2213993090298099,0.40843134663671204,0.11487379410598653
same suit: 7 Q,0.00002312673450508788,0.00048566142460684553,0.0012592270950933565,0.022241310955464517,0.06531178613906247,0.11170779134965735,0.0436882893768053,0.2226467367705639,0.41517113783533766,0.11746493231890351
same suit: 7 K,0.00002312673450508788,0.0003511487851384772,0.0012592270950933565,0.022241310955464517,0.06544629877853084,0.0815953671015122,0.0436882893768053,0.2226467367705639,0.4232588872736884,0.13948960712869793
pair: 7,0.0000018878966942928884,0.00025958579546527216,0.008423795049934868,0.08547641073080481,0.019456663331382507,0.04074081066284053,0.11702127659574468,0.3945326511733278,0.33408691876380525,0
other: 7 8,0.0000018878966942928884,0.00025958579546527216,0.0012592270950933565,0.022241310955464517,0.019456663331382507,0.19735505673129566,0.04346504559270517,0.22274821121788216,0.3904170363797693,0.10279597500424777
other: 7 9,0.0000018878966942928884,0.0002610017179859918,0.0012592270950933565,0.022241310955464517,0.019455247408861787,0.15210028507240084,0.04373501481998905,0.22402726122826558,0.41029281277728485,0.12662595102795976
other: 7 10,0.00002312673450508788,0.00024259472521663615,0.0012592270950933565,0.022241310955464517,0.01945241556382035,0.13779191602635504,0.04400498404727293,0.22530631123864903,0.42165039929015086,0.1280277143234722
other: 7 J,0.00002312673450508788,0.00022182786157941438,0.0012592270950933565,0.022241310955464517,0.019473182427457568,0.13146274235873812,0.044274953274556814,0.22658536124903245,0.43016858917480033,0.1242896788687723
other: 7 Q,0.00002312673450508788,0.00019728520455360683,0.0012592270950933565,0.022241310955464517,0.019497725084483376,0.12001170495950461,0.0445449225018407,0.2278644112594159,0.4372670807453416,0.12709320545979724
other: 7 K,0.00002312673450508788,0.00016802280579206706,0.0012592270950933565,0.022241310955464517,0.019526987483244915,0.08766353905114312,0.0445449225018407,0.2278644112594159,0.4457852706299911,0.15092318148350922
same suit: 8 9,0.0000018878966942928884,0.002534973286261776,0.0012592270950933565,0.022241310955464517,0.06328371311521834,0.1821046272347977,0.04262917933130699,0.2176570258075478,0.3706885159244086,0.09759953935320659
same suit: 8 10,0.00002312673450508788,0.0018864807717721686,0.0012592270950933565,0.022241310955464517,0.06391096679189714,0.14358303913609846,0.04289395684268157,0.21890445354830185,0.3895599312805603,0.11573750684362552
same suit: 8 J,0.00002312673450508788,0.0013314391436500595,0.0012592270950933565,0.022241310955464517,0.06446600842001926,0.12465215503407653,0.04315873435405614,0.22015188128905586,0.40438747191753666,0.1183286450565425
same suit: 8 Q,0.00002312673450508788,0.0008132115010666617,0.0012592270950933565,0.022241310955464517,0.06498423606260266,0.10841718741150484,0.043423511865430725,0.2213993090298099,0.41651909607506277,0.1209197832694595
same suit: 8 K,0.00002312673450508788,0.00027610489154033494,0.0012592270950933565,0.022241310955464517,0.06552134267212899,0.07490796503615323,0.0436882893768053,0.2226467367705639,0.4286507202325889,0.1407851762351564
pair: 8,0.0000018878966942928884,0.00025958579546527216,0.008423795049934868,0.08547641073080481,0.019456663331382507,0.04074081066284053,0.11702127659574468,0.3945326511733278,0.33408691876380525,0
other: 8 9,0.0000018878966942928884,0.0002610017179859918,0.0012592270950933565,0.022241310955464517,0.019455247408861787,0.1945515301402707,0.04346504559270517,0.22274821121788216,0.3904170363797693,0.1055995015952727
other: 8 10,0.00002312673450508788,0.00024259472521663615,0.0012592270950933565,0.022241310955464517,0.01945241556382035,0.1535020483679133,0.04373501481998905,0.22402726122826558,0.41029281277728485,0.12522418773244728
other: 8 J,0.00002312673450508788,0.00022182786157941438,0.0012592270950933565,0.022241310955464517,0.019473182427457568,0.13353282108403028,0.04400498404727293,0.22530631123864903,0.4259094942324756,0.1280277143234722
other: 8 Q,0.00002312673450508788,0.00019728520455360683,0.0012592270950933565,0.022241310955464517,0.019497725084483376,0.11640299042836376,0.044274953274556814,0.22658536124903245,0.43868677905944986,0.13083124091449716
other: 8 K,0.00002312673450508788,0.00016802280579206706,0.0012592270950933565,0.022241310955464517,0.019526987483244915,0.08058298249919764,0.0445449225018407,0.2278644112594159,0.4514640638864241,0.1523249447790217
same suit: 9 10,0.00002312673450508788,0.0025703713492797675,0.0012592270950933565,0.022241310955464517,0.06322707621438955,0.18744407106043157,0.04262917933130699,0.2176570258075478,0.36664464120523327,0.0963039702467481
same suit: 9 J,0.00002312673450508788,0.0018860087975985955,0.0012592270950933565,0.022241310955464517,0.06391143876607072,0.14315118276727898,0.04289395684268157,0.21890445354830185,0.3895599312805603,0.11616936321244502
same suit: 9 Q,0.00002312673450508788,0.001269138552738394,0.0012592270950933565,0.022241310955464517,0.06452830901093093,0.11413043478260869,0.04315873435405614,0.22015188128905586,0.40843134663671204,0.12480649058883497
same suit: 9 K,0.00002312673450508788,0.0006584039721346448,0.0012592270950933565,0.022241310955464517,0.06513904359153468,0.07522937944835659,0.043423511865430725,0.2213993090298099,0.42595480375313866,0.1446718835545319
pair: 9,0.0000018878966942928884,0.00026241764050671145,0.008423795049934868,0.08547641073080481,0.019453831486341066,0.042142573958353,0.11702127659574468,0.3945326511733278,0.33268515546829275,0
other: 9 10,0.00002312673450508788,0.00024401064773735582,0.0012592270950933565,0.022241310955464517,0.019450999641299628,0.20021238837810795,0.04346504559270517,0.22274821121788216,0.38615794143744453,0.10419773829976024
other: 9 J,0.00002312673450508788,0.00022324378410013403,0.0012592270950933565,0.022241310955464517,0.01947176650493685,0.15303479393607583,0.04373501481998905,0.22402726122826558,0.41029281277728485,0.12569144216428477
other: 9 Q,0.00002312673450508788,0.0001987011270743265,0.0012592270950933565,0.022241310955464517,0.01949630916196266,0.12226490966414318,0.04400498404727293,0.22530631123864903,0.43016858917480033,0.13503653080103456
other: 9 K,0.00002312673450508788,0.00016943872831278673,0.0012592270950933565,0.022241310955464517,0.019525571560724198,0.08076610847854405,0.044274953274556814,0.22658536124903245,0.44862466725820765,0.1565302346655591
same suit: 10 J,0.0005116200041533727,0.002164001585833223,0.0012592270950933565,0.022241310955464517,0.0631449527081878,0.20060931865808304,0.04262917933130699,0.2176570258075478,0.36125280824633277,0.08853055560799714
same suit: 10 Q,0.0005116200041533727,0.0014178104174139591,0.0012592270950933565,0.022241310955464517,0.06389114387660708,0.14622656648228208,0.04289395684268157,0.21890445354830185,0.3882119730408352,0.11444193773716702
same suit: 10 K,0.0005116200041533727,0.0007084332345334063,0.0012592270950933565,0.022241310955464517,0.06460052105948763,0.09453973078593139,0.04315873435405614,0.22015188128905586,0.4124752213558874,0.14035331986633692
pair: 10,0.000044365572315882877,0.00022560365496800014,0.008423795049934868,0.08547641073080481,0.01944816779625819,0.044946100549377935,0.11702127659574468,0.3945326511733278,0.32988162887726785,0
other: 10 J,0.000044365572315882877,0.00020483679133077837,0.0012592270950933565,0.022241310955464517,0.01946893465989541,0.21430176140761578,0.04346504559270517,0.22274821121788216,0.38047914818101153,0.09578715852668541
other: 10 Q,0.000044365572315882877,0.00018029413430497082,0.0012592270950933565,0.022241310955464517,0.019493477316921217,0.15632350997753403,0.04373501481998905,0.22402726122826558,0.4088731144631766,0.12382242443693481
other: 10 K,0.000044365572315882877,0.00015103173554343105,0.0012592270950933565,0.022241310955464517,0.019522739715682757,0.10118465517566878,0.04400498404727293,0.22530631123864903,0.4344276841171251,0.15185769034718422
same suit: J Q,0.0005116200041533727,0.0016457739432498254,0.0012592270950933565,0.022241310955464517,0.0636631803507712,0.18437435103551134,0.04289395684268157,0.21890445354830185,0.3733844324038589,0.09112169382091412
same suit: J K,0.0005116200041533727,0.0008070758368102098,0.0012592270950933565,0.022241310955464517,0.06450187845721082,0.10732551114802998,0.04315873435405614,0.22015188128905586,0.40573543015726177,0.13430733070286394
pair: J,0.000044365572315882877,0.0001840699276935566,0.008423795049934868,0.08547641073080481,0.019489701523532632,0.041190130076082236,0.11726009552757273,0.3952462761237705,0.33268515546829275,0
other: J Q,0.000044365572315882877,0.00015952727066774906,0.0012592270950933565,0.022241310955464517,0.01951424418055844,0.19717193075194925,0.04373501481998905,0.22402726122826558,0.3932564330079858,0.09859068511771035
other: J K,0.000044365572315882877,0.00013026487190620929,0.0012592270950933565,0.022241310955464517,0.01954350657931998,0.1148247087919349,0.04400498404727293,0.22530631123864903,0.42732919254658386,0.14531612830145935
same suit: Q K,0.0005116200041533727,0.0009363967603692726,0.0012592270950933565,0.022241310955464517,0.06437255753365176,0.13268751533916065,0.04315873435405614,0.22015188128905586,0.39764768071891105,0.11703307595008401
pair: Q,0.000044365572315882877,0.0001349846136419415,0.008423795049934868,0.08547641073080481,0.019538786837584247,0.03369612414808661,0.11749891445940078,0.3959599010742132,0.3392267175140176,0
other: Q K,0.000044365572315882877,0.00010572221488040175,0.0012592270950933565,0.022241310955464517,0.019568049236345787,0.14203307595008402,0.04400498404727293,0.22530631123864903,0.41881100266193433,0.12662595102795976
pair: K,0.000044365572315882877,0.00007645981611886198,0.008423795049934868,0.08547641073080481,0.019597311635107327,0.021529573901716097,0.11773773339122884,0.39667352602465594,0.35044082387811737,0
